A : 7,5,107,144,0.48642541700000663,0.19184429100000955,0.2185972510000056
B : 17,15,990,1369,1018.1090588000001,781.346726566,235.3558043580001
C : 17,16,957,1235,923.1698535039998,710.2680703660001,211.40037472100016
D : 18,16,279,271,473.674016382,366.01971679100006,107.18951267500006
E : 18,16,997,1139,187.00064654499965,141.5120690650001,43.82503218700003
F : 16,14,22,15,873.0775702739998,683.0469846880001,189.9948867109997
G : 16,15,16,10,1456.0593754970005,1133.6040903079993,322.4246445230001
